0 0 0 0 1 0 1 0 1 0 0 1 1 0 1 0 1 1 0 1 0 1 1 1 1 0 
0 1 0 1 1 0 1 1 1 0 0 0 0 0 1 0 1 1 0 0 0 1 1 0 1 0 
1 0 1 1 0 1 1 1 0 1 0 0 1 0 1 0 0 0 0 1 1 0 1 0 0 0 
1 1 0 1 1 1 1 0 1 0 1 0 1 1 1 1 0 1 1 0 0 0 0 1 1 1 
1 1 1 0 0 1 1 0 0 1 1 0 0 0 0 1 0 0 0 1 1 0 0 1 1 1 
1 0 0 1 0 1 1 0 0 1 0 0 1 0 0 0 1 1 0 1 0 0 1 1 0 0 
0 0 1 0 1 0 1 0 0 0 0 1 0 0 0 1 0 0 0 1 1 0 0 0 0 0 
0 0 1 0 1 1 1 0 1 0 1 1 0 1 1 1 1 0 0 1 0 0 1 0 1 1 
1 1 1 0 0 0 1 1 1 0 0 0 1 0 1 0 0 1 0 1 0 0 0 0 1 0 
1 1 0 1 0 1 0 0 0 0 0 0 1 0 1 0 0 0 0 1 0 1 0 0 1 0 
1 1 0 1 0 1 1 0 1 0 1 0 1 1 0 0 1 0 1 0 1 1 0 1 0 0 
0 1 1 1 0 1 0 0 1 1 1 1 1 0 0 1 0 0 0 0 0 1 1 1 0 0 
1 1 0 1 1 0 1 1 0 1 1 0 1 0 0 0 1 0 1 0 0 1 0 0 1 0 
0 1 1 0 0 1 1 1 1 0 1 0 0 1 0 1 0 1 0 1 0 1 0 1 0 0 
1 0 0 0 0 1 0 0 1 0 0 1 0 1 1 0 1 1 0 1 1 0 0 0 1 0 
1 1 0 1 1 0 1 0 1 0 0 0 1 0 1 0 1 1 1 0 1 1 0 0 0 1 
1 0 0 1 0 1 0 0 0 0 0 1 0 0 1 0 0 0 0 1 0 0 1 1 0 0 
0 1 0 1 1 1 1 0 0 1 1 1 0 1 0 1 0 0 1 1 0 0 1 0 0 0 
0 1 1 1 1 0 0 0 1 1 1 1 1 1 0 1 0 1 1 0 1 0 0 1 1 1 
1 1 0 1 1 1 0 1 1 1 1 1 0 0 1 1 0 1 1 0 1 1 1 0 1 1 
1 0 0 1 0 0 1 1 0 1 1 1 0 1 0 1 0 0 0 0 1 0 1 0 1 0 
0 0 1 1 1 0 0 1 0 0 0 1 0 1 0 1 0 1 0 1 1 1 0 0 1 0 
0 1 1 0 0 0 0 0 1 0 0 1 1 0 1 0 1 0 1 0 1 0 0 1 1 0 
0 1 0 1 0 0 0 1 0 1 1 1 0 1 1 0 1 0 0 0 0 1 0 0 1 0 
0 1 1 1 1 1 0 1 0 0 1 0 1 1 1 1 0 0 0 1 1 1 0 0 1 0 
0 1 0 0 1 1 1 0 1 1 0 1 1 1 1 0 1 0 1 1 1 0 1 0 0 0 
100
g 31938
f 16902
f 26255
i 13430
x 31101
j 23741
j 8770
l 21728
j 20383
o 11098
q 31371
u 19553
y 31117
m 4202
v 9066
a 5103
p 1280
s 15472
x 11890
e 3768
i 23429
o 14945
m 31562
i 32410
l 23294
a 19496
r 30766
q 18603
i 15902
n 5923
e 12908
s 2482
l 21745
k 8356
h 14056
g 31404
k 3410
j 6768
l 17049
f 9544
s 19315
t 32579
o 17161
d 26732
l 4697
s 32587
q 9944
q 19630
j 31836
r 15529
p 32314
k 10459
s 939
f 22515
t 27509
s 5747
g 6855
f 19636
u 25444
h 13866
q 5379
t 7658
c 15862
j 17513
b 24331
n 21127
g 5808
t 32204
c 1882
c 16881
k 32039
i 21410
r 5826
u 12418
k 30087
k 28784
g 14567
t 15369
j 18702
u 3181
u 13508
x 6214
w 9873
m 4615
b 13605
r 7026
p 4854
n 4701
k 24875
e 6837
p 10681
s 2499
n 17612
s 5806
s 11624
p 29762
a 2384
s 14319
g 26663
p 12821