0 0 0 1 1 1 1 1 1 0 1 0 1 1 1 1 1 0 0 1 1 1 0 1 0 1 
1 1 0 1 1 1 0 1 1 0 0 1 1 0 1 0 0 1 0 1 0 1 1 0 0 0 
1 1 0 1 0 0 0 0 0 0 1 1 0 1 0 0 1 1 1 1 0 1 0 0 0 1 
1 1 0 1 0 1 0 1 1 1 0 0 0 0 1 0 0 0 0 1 1 0 1 1 0 0 
0 0 0 0 0 0 1 0 0 1 1 0 0 1 0 0 1 0 1 0 0 1 1 1 0 1 
1 1 1 1 0 0 0 0 0 1 1 0 1 1 1 0 1 1 0 1 0 1 0 1 1 1 
0 1 1 0 1 1 1 0 0 0 0 0 0 0 1 0 1 1 0 1 1 0 0 1 1 0 
1 0 1 0 1 1 1 1 1 0 0 0 0 1 0 1 1 1 1 1 0 0 1 0 0 0 
1 1 1 1 1 1 0 1 1 1 1 1 1 1 0 0 1 0 0 0 0 0 0 1 0 0 
0 1 0 0 0 0 1 0 1 0 1 0 1 1 0 0 0 0 0 1 1 0 1 1 1 1 
0 1 0 0 1 0 0 0 1 1 1 1 1 0 0 0 1 1 1 1 0 1 1 0 0 0 
1 0 0 0 1 0 0 0 0 0 1 1 0 0 1 1 0 1 1 1 1 0 1 0 0 0 
1 0 1 0 0 0 0 1 0 1 0 0 0 1 1 1 1 1 1 1 0 0 0 0 1 1 
0 0 1 0 1 1 1 1 1 1 0 1 1 0 1 0 1 0 0 1 1 1 0 0 0 0 
1 0 0 0 1 1 1 1 1 0 1 0 0 0 0 1 1 0 1 0 0 0 0 0 0 1 
1 0 1 1 0 1 0 0 1 1 1 1 0 0 1 0 1 1 0 1 1 0 1 0 1 0 
1 1 0 0 0 1 1 0 0 1 0 1 1 1 1 1 0 1 1 1 1 0 0 1 0 0 
0 1 1 1 0 0 1 0 0 0 0 1 1 1 0 0 1 1 0 1 1 1 0 0 1 1 
0 0 0 1 0 0 0 1 1 1 1 0 0 1 1 1 1 0 0 0 1 0 0 1 1 0 
0 0 1 0 0 0 0 1 0 1 1 0 0 1 1 0 1 1 1 0 0 1 1 0 1 0 
1 1 0 0 0 1 1 1 1 0 1 1 0 1 0 0 0 1 1 0 0 0 0 0 0 0 
0 0 1 1 0 0 0 1 0 0 1 0 1 0 0 0 1 1 1 0 1 1 1 1 0 0 
0 1 1 1 1 1 0 1 0 0 1 0 0 1 0 0 0 1 1 1 0 0 0 0 1 1 
1 0 0 0 0 1 0 1 0 1 1 0 1 1 0 1 1 0 1 0 1 1 0 1 0 1 
1 1 0 1 0 1 1 0 0 1 0 0 0 0 1 1 1 1 0 0 1 1 0 1 1 0 
0 0 1 0 1 1 1 1 1 1 1 0 0 0 0 1 0 0 1 0 1 1 1 0 1 1 
100
y 18750
a 15093
p 9100
z 9164
c 13515
o 6921
e 30568
m 3259
o 18183
a 14772
j 13360
n 18655
x 16453
j 723
m 5560
s 27559
o 4218
l 12040
o 10935
u 4746
i 8640
v 25148
v 26441
n 2943
o 13012
d 23064
i 18285
e 2947
w 16792
q 11402
n 392
w 29975
g 1425
t 5703
f 18656
n 11967
x 31338
e 22851
x 8226
z 2437
g 31343
m 11066
l 15325
e 14195
g 26899
p 13355
d 29957
u 21020
a 28010
r 7384
a 19313
u 28948
f 15535
d 11591
d 30812
o 20596
q 29888
f 31555
z 4328
x 1879
n 1693
z 10460
y 14487
w 20063
u 12525
h 13027
s 25552
d 22065
q 2681
r 20335
x 10848
c 11764
o 7343
s 23643
p 10742
k 14806
p 3616
v 24005
x 30886
v 14728
r 23810
k 3217
b 10087
h 24253
k 10671
p 29924
n 21653
a 29615
l 4388
e 9385
m 20079
a 4505
t 6019
f 27152
x 17818
q 26430
f 8849
t 8713
w 3996
d 3937